67.1
F10 55
F20 6765
F30 832040
F40 102334155

67.2
2
3
5
13
89
233
1597
28657
514229

67.3
000000000000000000000000001
000000000000000000000000001
000000000000000000000000010
000000000000000000000000011
000000000000000000000000101
000000000000000000000001000
000000000000000000000001101
000000000000000000000010101
000000000000000000000100010
000000000000000000000110111
000000000000000000001011001
000000000000000000010010000
000000000000000000011101001
000000000000000000101111001
000000000000000001001100010
000000000000000001111011011
000000000000000011000111101
000000000000000101000011000
000000000000001000001010101
000000000000001101001101101
000000000000010101011000010
000000000000100010100101111
000000000000110111111110001
000000000001011010100100000
000000000010010010100010001
000000000011101101000110001
000000000101111111101000010
000000001001101100101110011
000000001111101100010110101
000000011001011001000101000
000000101001000101011011101
000001000010011110100000101
000001101011100011111100010
000010101110000010011100111
000100011001100110011001001
000111000111101000110110000
001011100001001111001111001
010010101000111000000101001
011110001010000111010100010
110000110010111111011001011

101111001
10101011000010
1011010100100000
10010010100010001